2804701
2826009
2832779
2788079
2815732
2811059
2821791
2803883
2824221
2799462
2835249
2804836
2790883
2797665
2807868
2807894
2826049
2830124
2829451
2828710
2833623
2823935
2812671
2817112
2840348
2812134
2819248
2858312
2859430
2836354
2800430
2876542
2858100
2890166
2867138
2967837
2961739
2907890
2952137
2882549
2925095
2824902
2934418
2870771
2815315
2904179
2937101
2833430
2826595
2837330
2805247
2812054
2818390
2846258
2846180
2833110
2836896
2842122
2834398
2800306
2822988
2798683
2834486
2824988
2814939
2802644
2811880
2798002
2831008
2820166
2796959
2795538
2828094
2825973
2806177
2810620
2831715
2826475
2817102
2829756
2815356
2809596
2793709
2796782
2801811
2831294
2827732
2833610
2813237
2860368
2812963
2788089
2816734
2814976
2833738
2828631
2810955
2815539
2844393
2823950
2808324
2813785
2814319
2825443
2806350
2834619
2802328
2816829
2835960
2784113
2827244
2802699
2806152
2819458
2814274
2804364
2813169
2823104
2833399
2830329
2813230
2825535
2789685
2787559
2808423
2824947
2788138
2825152
2835648
2841679
2829529
2812653
2800953
2829866
2822877
2794047
2834668
2814962
2797105
2824427
2826964
2826086
2797600
2799341
2809828
2805219
2803526
2827148
2823786
2823136
2799187
2828158
2802853
2799703
2802985
2794540
2841788
2793362
2807771
2800321
2817978
2824997
2818608
2828148
2820722
2818280
2829923
2826716
2823618
2826740
2833065
2804639
2816893
2846176
2799652
2827919
2792654
2827757
2824013
2820940
2801587
2826310
2804311
2822415
2823898
2825074
2833896
2824672
2804315
2800699
2838208
2799334
2808492
2821810
2836283
2815730
2824710
2816656
2798868
2818568
2831307
2814029
2806410
2808334
2814289
2811663
2797208
2849922
2798778
2820312
2807751
2813076
2803784
2821090
2842823
2812819
2790196
2838704
2817816
2821779
2805762
2802000
2805762
2821361
2788851
2827468
2793286
2811195
2815396
2814734
2800797
2825347
2801556
2831517
2800845
2817684
2798145
2825381
2818737
2831884
2804847
2799800
2814116
2812646
2803095
2838286
2811876
2838413
2815108
2795634
2813663
2860368
2797763
2819729
2817046
2797967
2789550
2805864
2814994
2820038
2804852
2799253
2836230
2831711
2827219
2802016
2827521
2819693
2840721
2804669
2815051
2825695
2805440
2815191
2813621
2822551
2813500
2833498
2837073
2804202
2834017
2831028
2787242
2834994
2787931
2834996
2835821
2828378
2838323
2825267
2843929
2831599
2799353
2818296
2816507
2831195
2824414
2816671
2814130
2825719
2838923
2795987
2813777
2803413
2806565
2817622
2817093
2799808
2793340
2801233
2815141
2818374
2802642
2825835
2801837
2828707
2825473
2838683
2792712
2830226
2832239
2811319
2793157
2825289
2825116
2790404
2809844
2832794
2831677
2826666
2805403
2837020
2815617
2828411
2834607
2809746
2854044
2796117
2828646
2838896
2828971
2819422
2834757
2820979
2842158
2807804
2829644
2819693
2811553
2831751
2845988
2857198
2831934
2837873
2847451
2833369
2840933
2820013
2821198
2801692
2808630
2827567
2828903
2808317
2828420
2848506
2844676
2819515
2835486
2839029
2847876
2877592
2819002
2848740
2812540
2830323
2834381
2820846
2834949
2837423
2831007
2805386
2831072
2826103
2814509
2842638
2853268
2809213
2822387
2842727
2815792
2820899
2841517
2804789
2843636
2825922
2811323
2839876
2800385
2820460
2826199
2837537
2799167
2846951
2842795
2830488
2832772
2828328
2840748
2801703
2805465
2848920
2807340
2835116
2834813
2842071
2815191
2847837
2829337
2816357
2823182
2826486
2820458
2799366
2845692
2807176
2837705
2843916
2821530
2826197
2821853
2833931
2801950
2836173
2813499
2847164
2820770
2809381
2827851
2829742
2828706
2828719
2826936
2809867
2823274
2835390
2818515
2835088
2813051
2849307
2846222
2834415
2836952
2839113
2834574
2835904
2846113
2846377
2800118
2821750
2809685
2817181
2835604
2821438
2837623
2845825
2826018
2801488
2844790
2842667
2825922
2840836
2812107
2825569
2823222
2817657
2813454
2837393
2831301
2825327
2836324
2834195
2802470
2811305
2812653
2829950
2823441
2827982
2835148
2812571
2861151
2805580
2863429
2841371
2842330
2803287
2836275
2807379
2835486
2872725
2818116
2842101
2815263
2827502
2833159
2809670
2840717
2833097
2814154
2826163
2803395
2809526
2823825
2863627
2801450
2822614
2845267
2839015
2838258
2866144
2859797
2838053
2801964
2817989
2819458
2829284
2810185
2824875
2846789
2822843
2823955
2841437
2809802
2807626
2850109
2828661
2836392
2816109
2840394
2819669
2854989
2837375
2799662
2826136
2808434
2830734
2829874
2804141
2862870
2834909
2837801
2825050
2822832
2835924
2825663
2848407
2823595
2819701
2816567
2817604
2841304
2804059
2800568
2838632
2806136
2828875
2795603
2812747
2824890
2835815
2848267
2802755
2836771
2829925
2839215
2807180
2798445
2834506
2833033
2817947
2825382
2823384
2831861
2831262
2864783
2823492
2828765
2806211
2842805
2822812
2832050
2858807
2818094
2812976
2836697
2803937
2832312
2828888
2839539
2809780
2802120
2819613
2817609
2825791
2822432
2841947
2838447
2822997
2833483
2819805
2837874
2821390
2822202
2813334
2804262
2801068
2804915
2843941
2841269
2810794
2809802
2813137
2815102
2797724
2826640
2800258
2864517
2833501
2845857
2805060
2795032
2828023
2842913
2826678
2822219
2792222
2848000
2799427
2828435
2827456
2810583
2825206
2802859
2822266
2812849
2839711
2844130
2844818
2846983
2841877
2802797
2835557
2821375
2832379
2812276
2866281
2825544
2840004
2818668
2825271
2819976
2797704
2823975
2828769
2809876
2793849
2826777
2863383
2878396
2841632
2803279
2837442
2834016
2830480
2819672
2850972
2829992
2841001
2828257
2835582
2819013
2811417
2821283
2829150
2823396
2856561
2830192
2831453
2839665
2820399
2835398
2831499
2840198
2840206
2816024
2825365
2847785
2847267
2857643
2811585
2829423
2812582
2825975
2811765
2812101
2809283
2804165
2800844
2791217
2799379
2799302
2815127
2832713
2808489
2803600
2833833
2811096
2830342
2820252
2823107
2854959
2794417
2863325
2820443
2825717
2793029
2812660
2800516
2801824
2806889
2834041
2834725
2803966
2835877
2827600
2826212
2816207
2825189
2813683
2814074
2804299
2802821
2844928
2819348
2854120
2808410
2847254
2864832
2834261
2831728
2831915
2834371
2825685
2835101
2806429
2837435
2889111
2811298
2834711
2819611
2819967
2829077
2828368
2803006
2806403
2830539
2846852
2809893
2837405
2804624
2795928
2831833
2796687
2830581
2835236
2855550
2825832
2818018
2793234
2818231
2829664
2833701
2802521
2813557
2831239
2823453
2796654
2800669
2837268
2830391
2838821
2813191
2839068
2872339
2532303
2575677
2536755
2546271
2577037
2559693
2543633
2551314
2529853
2551412
2530319
2545702
2533309
2545342
2585315
2663664
2552019
2555563
2524257
2550446
2557517
2547505
2524729
2529930
2525627
2566082
2536378
2545582
2533990
2542478
2565313
2532034
2546028
2556439
2548170
2638467
2538774
2534318
2524153
2557740
2538694
2563507
2582695
2530402
2545536
2575431
2631421
2637466
2621847
2553528
2549893
2587368
2581946
2618210
2610462
2592736
2561135
2629456
2684770
2568406
2631703
2608776
2647076
2634729
2595291
2616500
2622544
2540119
2603726
2669542
2620350
2613189
2628971
2664099
2675978
2650277
2574609
2710731
2634976
2630629
2645528
2574100
2626049
2662813
2673782
2603596
2648134
2618710
2540102
2661599
2652368
2644577
2627745
2683460
2607462
2640477
2658307
2653365
2574674
2605840
2649759
2642828
2646803
2631333
2625858
2682028
2639878
2617631
2685691
2601788
2557414
2580875
2712839
2699531
2571881
2751128
2566573
2736105
2580801
2716172
2648053
2582551
2651707
2601247
2700061
2565019
2703045
2629810
2730879
2598331
2611977
2593922
2583191
2568925
2599523
2636531
2578579
2741513
2741307
2556242
2612614
2654247
2565023
2570904
2724550
2609465
2611719
2577669
2524123
2512659
2631883
2531316
2581608
2661486
2556224
2559521
2601071
2641913
2532826
2647423
2559541
2572651
2626199
2517748
2573660
2668522
2550945
2546916
2577619
2585447
2560927
2554194
2681199
2641512
2541984
2667491
2524142
2521793
2674735
2655868
2531411
2563216
2550249
2582007
2542662
2576208
2543885
2559636
2527261
2620020
2559804
2631135
2567412
2548909
2572730
2647459
2548579
2662310
2603152
2593362
2602175
2591862
2604133
2532765
2514767
2615009
2558063
2650870
2546260
2591980
2565611
2660808
2508051
2598143
2554130
2554626
2606571
2572905
2552578
2527764
2542766
2572921
2587186
2552385
2591110
2597660
2632357
2571627
2648900
2573933
2574724
2550370
2571315
2549842
2532217
2513693
2662568
2550373
2620511
2573483
2562561
2597021
2562594
2532022
2590029
2554971
2593002
2547411
2537978
2522003
2566397
2550140
2643683
2588628
2540808
2509202
2598985
2576657
2561999
2580027
2592645
2528089
2632314
2617520
2595050
2534962
2645492
2549865
2656030
2546315
2611452
2646885
2540724
2551024
2687401
2545579
2681811
2527673
2674969
2538847
2697335
2570945
2563952
2586172
2566061
2602883
2662919
2576412
2538861
2544546
2666898
2580787
2532838
2607431
2574544
2569991
2625672
2519702
2603932
2526076
2622170
2568341
2581459
2629702
2550878
2566920
2571068
2544746
2599596
2659458
2533459
2645563
2590709
2543780
2551447
2618395
2541434
2553256
2641642
2584420
2557671
2533117
2622798
2541066
2613974
2581165
2635958
2572493
2615498
2537222
2568822
2576768
2585422
2573719
2566057
2565108
2656535
2538602
2527566
2565890
2542726
2508589
2575459
2561578
2636557
2547801
2655970
2540031
2529455
2531241
2597120
2616709
2534354
2519344
2549650
2642168
2582729
2540857
2568250
2717260
2594041
2692490
2574055
2617739
2561441
2650594
2571222
2643217
2559492
2545022
2645356
2528519
2624728
2677193
2616504
2591054
2564226
2577443
2539952
2562061
2577230
2717902
2576089
2619912
2652376
2643332
2584969
2727470
2596468
2605059
2607076
2573948
2571930
2591888
2619236
2584440
2600817
2592665
2664475
2618557
2704299
2573356
2562944
2558077
2642170
2562931
2534501
2567575
2586825
2524536
2626677
2709402
2572409
2630463
2583049
2753317
2706385
2619057
2753602
2597333
2584071
2704758
2572048
2574837
2623917
2611063
2603452
2558081
2574816
2648038
2647177
2548056
2557527
2574971
2552902
2658201
2558983
2644829
2532546
2592536
2563460
2632407
2658960
2665011
2599783
2554317
2569398
2578111
2558443
2659202
2575857
1134381033
2594687
2618406
2545762
2588939
2643388
2563432
2569084
